%YAML:1.0
---
KeyPoints:
   - [ 1.6650000000000000e+02, 2.3656988525390625e+02,
       7.0127911567687988e+00, -1., 0., 0, -1 ]
   - [ 1.0716091918945312e+02, 1.9912643432617188e+02,
       4.3292307853698730e+00, -1., 0., 0, -1 ]
